dijkstras-algorithm-parcs-java

 {
    "displayName": "Poland Central",
    "id": "/subscriptions/27c3f5ec-e737-4709-b55b-2f74ff3b8d26/locations/polandcentral",
    "metadata": {
      "geographyGroup": "Europe",
      "latitude": "52.23334",
      "longitude": "21.01666",
      "pairedRegion": [],
      "physicalLocation": "Warsaw",
      "regionCategory": "Recommended",
      "regionType": "Physical"
    },
    "name": "polandcentral",
    "regionalDisplayName": "(Europe) Poland Central",
    "subscriptionId": null
  },

1  1 3 5 7 9 12 13 16 17 20 21 23 26 28 29 31 34 36 37 39 42 44 46 47 49 52 53 56 58 60 62 63 65 68 69 71 74 76 78 80 82 83 85 86 89 90 91 93 100 102 103 108 110 111 113 115 118 119 122 124 125 127 129 131 134 136 138 140 141 143 145 147 150 152 154 156 158 160 162 164 165 167 169 171 173 176 177 180 181 183 185 192 193 194 197 198 200 203 205 207 209 211 212 213 214 215 216 217 218 219 220 221 222 223 224 225 226 227 228 229 256 258 261 263 265 266 268 270 273 274 276 279 280 282 284 286 289 290 292 294 296 298 300 302 305 307 309 310 313 315 316 318 320 323 324 327 329 330 332 338 341 343 346 348 351 353 376 378 379 382 383 385 388 390 392 394 396 398 400 402 404 406 407 409 412 414 416 417 419 422 424 426 428 432 439 441 443 446 448 449 451 454 456 458 460 461 463 

2  2 4 6 8 10 11 14 15 18 19 22 24 25 27 30 32 33 35 38 40 41 43 45 48 50 51 54 55 57 59 61 64 66 67 70 72 73 75 77 79 81 84 87 88 92 94 95 96 97 98 99 101 104 105 106 107 109 112 114 116 117 120 121 123 126 128 130 132 133 135 137 139 142 144 146 148 149 151 153 155 157 159 161 163 166 168 170 172 174 175 178 179 182 184 186 187 188 189 190 191 195 196 199 201 202 204 206 208 210 230 231 232 233 234 235 236 237 238 239 240 241 242 243 244 245 246 247 248 249 250 251 252 253 254 255 257 259 260 262 264 267 269 271 272 275 277 278 281 283 285 287 288 291 293 295 297 299 301 303 304 306 308 311 312 314 317 319 321 322 325 326 328 331 333 334 335 336 337 339 340 342 344 345 347 349 350 352 354 355 356 357 358 359 360 361 362 363 364 365 366 367 368 369 370 371 372 373 374 375 377 380 381 384 386 387 389 391 393 395 397 399 401 403 405 408 410 411 413 415 418 420 421 423 425 427 429 430 431 433 434 435 436 437 438 440 442 444 445 447 450 452 453 455 457 459 462 464 465 
