2 5
7 1
3 9
0 4
8 6
0 0
0 100
100 100
100 0
11 54
72 89
39 95
85 2
22 76
16 78
99 25
17 38
72 59
70 85
42 80
89 60
58 45
66 50
39 69
18 76
53 44
34 93
89 84
68 28
88 70
52 35
9 17
98 41
23 53
54 93
23 98
23 85
70 6
75 34
9 68
83 12
73 25
21 44
73 83
77 43
30 55
54 70
5 15
37 71
43 56
57 35
19 55
33 52
32 98
11 4
9 3
7 31
26 57
10 73
16 22
63 56
50 52
5 85
5 43
61 30
21 57
64 33
35 63
98 32
12 7
71 9
4 7
14 72
89 98
60 49
84 3
63 58
34 75
31 85
15 72
17 23
50 31
62 26
6 53
63 70
2 56
98 43
49 96
22 85
19 54
61 39
31 95
12 47
83 13
37 99
22 17
20 72
67 16
98 69
89 47
38 13
48 59
33 50
2 72
11 40
29 4
41 33
42 26
